1.120152967235986
2.252611494812587
2.583507825088049
-0.1242806153975925
-1.727853180905469
-1.3746408828177477
0.7884725985982338
-0.07014959916083192
2.3730694454405894
1.9042386704278398
1.3011532937944115
-0.045272992120728696
-1.044213186129728
0.4624875311235484
0.37490487287546237
-0.15943341323886784
-0.017864994203408504
-1.3827851898285497
-0.2264886668560256
-1.4216618132604617
-1.732206757368362
0.20167723233723292
1.6251203654997846
-1.1352751452048884
-1.6032958921305889
-1.6909187163765822
-2.213263271030844
-1.714393258428891
-1.4136852908050597
1.2894217375527628
-0.5087226241281664
-1.0496677649384512
-0.24752229367887538
-2.009120232102738
-0.5199777869172418
-0.07845931359738259
-0.08113054579634948
0.6177142981280078
-0.752661119716139
-2.5433739596219516
-2.2332249520000214
0.7771268974929862
0.9796162932713444
2.929883452563179
1.1948171041648321
-0.48575914567794026
-1.2834161965956514
-1.3275060122853177
0.6368044444501323
0.11887636031061312
-0.4844171559222162
-1.9322275082340703
1.1600744553319706
0.2393233316533952
-2.039871363846558
0.33929432169945234
3.278663872056065
2.6936407600405214
-0.7186198331328377
-0.7816685295431449
-0.6932923698102462
-0.35965813774557953
1.2798038804418117
2.3996128661242127
0.2034633701398026
-1.8794675362897477
-2.316094210851393
0.020169591144076158
0.20537882491662565
-0.6334650978701949
1.4077656805809402
0.32089825052790477
0.08419223754278903
-2.443033122294498
-0.3084872645676725
0.37255607777463234
0.7976164271258845
-0.27386226174351797
0.9347457573594553
2.189953692265521
2.139188082232168
0.15814577178821487
-0.6899521182932817
-0.8294608352107392
0.844183351581881
-1.1654032748430703
0.7590755537008325
1.1531612714981745
0.7111472024553077
-0.7180584987810258
-2.0271927380123587
0.2604252088582348
3.984244222721722
4.595209459134956
1.3906596282557557
0.02078008169429702
-1.624409978001294
1.0854627425022338
-1.2916827305269916
1.0936022907909473
0.6769420657610843
2.917807988294664
2.360198934689663
-1.9175870435041882
-1.8207802502066601
0.45919951896830735
-2.979754618244965
-0.4996538072771137
1.104376385730987
1.796464412397373
-0.8787538458452493
-2.1805723337155274
-2.9681965009937414
0.0020962892620831138
-2.722586905417555
-1.6433593268693103
0.3857787451928693
-0.8165970960807996
-2.9603099414569702
-0.3913183051762722
-0.15477630875909767
3.4293797152446333
-1.2681134269781735
-0.6583996203146099
0.43166805682933823
0.43505030290300906
-2.766904152258201
0.4791992023656061
2.6722972650603887
-0.20871400737307985
-1.8005966678221659
-2.239226032783167
-0.5469178111727192
1.302806170213353
0.7729091837225148
1.183492644125882
-0.3113266251408463
-1.043431742889772
0.08163548282847444
-0.9243740200071852
-0.277250925445
-1.690085826707184
0.9741511148665448
0.7703034676386985
0.774627026343266
-0.7490861170755804
1.5144919241059134
0.7823506764303731
-1.5838763117897625
-1.9196474299724164
-0.4949852831193223
-0.8625398531063417
-0.06390428095667916
1.0337021134506468
1.7589937592500868
1.031759292786025
-0.28134090103137
0.3667127366064601
-1.0148524187371533
-0.7980525342300503
0.39075304116988874
1.6491946081654492
-0.5205215473819599
1.931283102057702
1.2241001822793127
-0.48466797408620116
-1.086443638393812
-0.3237814215265488
0.6424144582220913
0.4710237499465347
-0.03836448713869873
0.917733532919051
1.4066083702712535
-0.3075696500419378
-0.14532554677031354
-0.9641203709048033
1.8870744080875719
-2.381539243175509
1.1416822623047334
2.0740967647732704
1.1102184915569975
1.4202904591192986
1.8681795547816176
-0.14657130007776967
-0.389828763725064
-2.126503325864071
1.1293390014138878
-0.22669273940479523
-0.3784324770692708
1.5644868516255934
2.3050628765281864
-1.3513697901396349
-0.9714540568290781
1.8407491847365076
1.586320006379298
1.141965815646254
1.6557018907065402
1.3692938206287668
0.6768940419570066
1.2167195114877112
-2.1658703436125095
-2.5747588793387464
1.0020059654338012
2.595168387259183
1.0907015710187993
1.148131557710222
1.4599245758943422
3.9343436773220555
0.5121866017916848
-0.23827346800799368
2.2816257020016453
1.1100070196210963
-0.14491847300282792
-0.3696414222046529
1.6625111926160276
2.224514731533949
-0.839228061997731
-1.1922036246387382
1.7479745658171344
-0.3049906041522046
-0.4776823765381232
0.37469130529408434
0.09141948986090877
1.6434230014634863
-0.3739292502886085
-1.1592156485644065
0.15145279267284836
1.8604580071477421
1.758679501561816
4.397452311972462
0.34052516811506184
1.9878647739761834
1.5483643883913811
0.07480604632848943
-0.45131249862284334
-0.3058150232230532
1.4500426469130852
3.8713342125543146
1.836738170646124
0.04566690759292518
0.5636701467764752
0.3814135656688232
-2.169383650053105
0.6116180909490984
1.5455059285688442
0.24985103538242634
-0.24144131538127495
-1.3916433216669863
0.48304800267363707
-0.17930858058856095
-1.8143966796711655
-1.2467121953524816
-2.1823579669314004
-1.3339721023457414
-0.3749680333281226
-0.5993319496064778
2.4666481533181366
0.4361408690302927
-0.5569032179585015
0.4270386576509849
-0.3637125982232608
-0.6625168385343612
1.2260847449289765
0.02522319016265592
-1.7197479834568823
-2.0173689476684604
-3.369795943842352
-2.991288850390448
1.255641345917349
-0.3888855651358482
-3.2124677937711863
2.8217075047617675
0.03309116882880638
-0.6234529222221763
-2.071422576188391
-1.3219574432384618
-0.23969334070083276
-1.1547906329792963
0.724629936879483
2.5863674046572656
3.392488899558591
0.6567501019139024
-3.1168897168523713
-2.9815956003519988
0.6246282973556219
-0.29818096340207156
0.7109844113274153
1.3693801608029987
1.8652032506242988
-1.723299578300561
-2.075587245095273
0.47322917626740885
0.5217103552317663
0.6938090016316022
-0.10587263445584305
-2.14136457792432
-1.7752812187180378
-0.08284092713737225
-0.20014965804298535
0.15312532508085921
0.016907969350647215
-0.3817687242250185
2.369895522895427
1.2214631413059385
2.6284274993100576
2.784382252562645
1.1340678661725128
2.513350932246382
0.3457716008949017
0.945642534091952
1.7788568458830074
-2.3121789548462233
0.4555125533010983
3.9535001521494864
1.8929182014474601
-0.15867325075481412
1.7759498905758642
2.451387710011414
1.1765764412011586
-1.7782836216492726
1.2067306792704753
2.8736263091744165
2.5608290658083868
1.1400034450054266
-0.8035639487266201
-2.1503834044045345
-2.0209454162796834
-0.06759052914939834
-0.35205173950605884
-1.5645933912122973
0.9167457831181841
-0.2370554545256334
0.35109442716253064
-2.4196710508779558
0.1282575227217231
0.17696678970446003
-1.401629281259623
-0.7458552887023704
0.06415829284368367
-0.1327783911025089
-0.5343193250743168
-1.2001878410133973
-1.7324256271532281
1.3912252221723358
2.1639783822326897
-1.6892352038380645
-0.8582154705789031
-1.424863988794203
0.7105666194861954
-0.17152443438250772
-1.7288619475764126
0.29213012911984304
0.08157174684556139
-0.35986852682697257
-1.6533111787951629
-3.0369566777398926
-3.3050933375562446
0.9916420943965929
-0.7097020732135144
1.1294559759795701
-1.4736183394077116
-1.4552240396749787
1.3505160775885179
1.1313990492826065
-1.7209947517245652
0.2582355425812125
-0.28976022390744643
-0.4947034124889083
-1.1665488994161346
-0.3225076943490128
0.6783622847234809
0.5904346413196401
1.3606544879587692
-2.5025481074278657
-2.4936647836977337
-0.07973396307366246
-1.556319653951075
-1.0516526858237103
1.2481925757128716
1.9521712532470548
-1.907820235481808
-2.749935702451406
-1.0474126010455735
0.389944042586349
-2.41175705823972
-1.1123406143499888
0.37483195021488536
-0.05832919631809497
-0.4850855410380278
-0.7529461569898709
-3.5641263086018977
-2.4274656324078374
-3.9598861711749795
-2.4322010861514483
-0.45903004910004763
1.9992732967205276
0.35286062691502085
3.2058247259617136
-1.4884700804353463
-0.6526850278753019
-1.8683057975364177
-3.1697870349466855
-3.0799264834051714
-2.8176217902608673
-4.7422671838559625
-0.27950204264380357
-0.04472582161741343
1.3564944843431033
-1.960781007839134
-0.7112443012133516
-1.2227081225559604
-0.38900670943387633
3.0846509060404035
-0.9652012250362971
-0.6648612357379571
1.5002489186520387
-0.9966825542364344
0.8956465960957543
2.1049908727861872
2.745001860156098
1.0005576977485164
-2.6082685538046073
-0.14059208667481252
0.3989762219563463
2.378370222437582
-0.2934340616096255
-0.06437708302477368
2.2558565768262824
-1.0498905840899784
-2.988565682359439
-0.9778056466970788
1.0650227856850467
-1.2197431883569745
-0.7573336359125871
0.12402271845236956
3.686653067191502
2.564016934743252
-1.4734114046657019
-1.3680915651793388
-0.2854217983094268
0.5483195155917614
1.2268146862126952
-0.7066544030812761
-0.002797659791990692
-1.3019838577080107
2.465216323774903
-2.232744878776812
2.717119491807193
3.5712095822423544
1.1415039741006803
1.9036785911940493
3.4451250674026643
1.087700898109268
0.0726675884960743
1.1951446521975428
0.6519124059919909
-1.099135433485099
1.7987125469437004
1.8515241339637711
-0.6408166281287582
0.3382174403554621
0.8710494286963607
1.2269007258698732
0.3768623861704109
-1.199225010491494
0.5752306357127686
-0.6685855986041463
0.2847694704963492
-0.46895806842473786
-0.01997042759704783
1.2932427764308991
0.4599274864527052
0.10692586038958407
0.16922549726923028
1.0547565402941816
0.6387801415978296
0.1137832610441355
0.7762962874430104
-0.6287841984720149
-0.8215520870837865
1.9986063589027538
1.6638260023505143
1.517550478646748
0.07235435804486116
0.422632069803622
2.317278223324217
-0.632233085330839
-0.13461896241678376
-1.2817277834090215
-0.8478213528308552
-0.12791160974292645
0.5567559008898901
0.2974413004836333
1.7109373045668086
1.2095195122185671
1.7138106994509603
2.0295964263514006
-0.6327605824878993
0.018548813954703952
1.112633347891129
0.0441460194591906
-0.4166548861013417
-0.06796200699157652
-0.3308652021487287
1.3952467966840436
1.5073449812920134
1.4459061283709984
0.372976141635805
0.6975794918001372
0.41410545425921763
1.498171801765629
1.40773131721132
0.3203775832747043
-1.2408357402184749
-0.055850967163460725
-0.07511903496706757
2.3622283216963043
0.7945841156783718
1.0247528716792627
-1.574530456971239
-0.3020348419896657
0.19295981753709238
0.1544385438712991
0.40092595441568124
1.9383644866653664
-0.08096001310138826
0.8946129634321799
0.5062282939996544
-0.6587832172858046
1.3222952736214624
-0.5049622742470261
2.1260297318421997
-0.28551927891133716
1.4586770073938597
-0.2025669649791888
-0.37466036293351906
-1.3162508545324194
1.1292288306736888
1.438603198456251
-0.7102499907490494
-0.21322840464021398
-0.2860531163022104
-0.3222885097811957
0.5609904727085749
-0.9318423379258653
1.562184775292378
-0.4274493455895566
0.7024568944400824
-0.3311254956262191
0.5590952074496275
-0.5425721052724319
-0.28402873201291057
0.3400708886747016
-0.09314304937477984
-1.0300253293226993
1.7079302489549184
0.31006956358339227
1.6067375469924543
2.4647043507458877
0.1403284053280014
1.3831993922583488
1.0784444654333305
-0.3406003400135168
0.49915666362108124
-0.8205391143819208
0.7250658672555504
-0.1855430551963711
-0.5690760117432235
-0.35196586477046415
-0.6281423641165871
0.11710447340839222
0.968709922396778
0.17284776533819404
0.2202230616391675
0.9661564105464197
2.209563201445312
1.3637570520142048
-0.790874014388065
0.27757184147639047
2.315460729158403
0.4491770905390488
1.1247465813817787
1.362473678478867
0.745637331130373
0.7715101067846594
-1.5409408377550842
-2.1625065162573964
1.0938363670292475
2.661296168508016
3.1147036734005242
2.5586212470592664
0.28425620026120746
2.359609572986207
-0.5246996009693867
0.19444100196289676
0.12891803605696123
1.3857962774159218
1.5932700272294347
0.37922011084532387
1.6579619097371998
0.024427550644054975
-0.9398151456098082
-2.5884709636670102
0.14908493651702823
-0.655798436592701
3.246483659210659
3.4953009627865037
3.0054039066235543
-1.048247963243143
0.08215675195713443
0.8828265884301733
-3.070396615690215
-2.521772337105962
-1.5545008382676657
1.4806195611630981
0.9043580871674181
-0.39851312547639717
0.5783976925542981
-3.142490911795037
-3.530396165971837
-2.1179028756639258
-1.4275830732556287
-1.2151197169923078
0.09415165837719372
0.199984592430977
0.0517391458930011
-2.3760978596593683
-3.5886235829726405
-0.8555494514702513
-0.07621788547861261
-1.097358969926359
1.2151753027152437
3.157661132558421
-0.9059867637786447
-0.36358911963283214
-1.0587230478484426
-1.7376531930321792
0.6768173691877878
0.5897545735907682
-0.5642295511031145
0.3298980110257152
-0.631699186685071
-3.164339784662493
-5.253907343356614
-1.1326353617561298
-1.5238758001482682
0.43109801689583244
2.374251534726669
2.6692944173229813
-1.693318770363961
-0.381688898283735
0.6668329611949928
-0.28594461847542707
1.429540662718685
-0.900845043167851
0.17635355048190385
3.9083293196412714
5.039747458362175
0.3590765337532022
2.2490173479797675
0.5709935279018787
1.5720858213967608
0.721401729322226
2.830715794184413
5.463003163293804
2.8351841879944035
-0.06546273321169142
-0.5265092549185338
1.9825935152331895
0.8576296280035481
0.376558186598575
0.889605933044993
1.3655023370759796
-0.24891681440955593
-0.7109075687777346
-0.7017384243521448
0.04364668742509006
1.7508364152172804
3.2025837237191728
-0.8695063584299062
-0.8451723864211172
-0.9003078063940647
-0.8111160915382926
0.9093510939777265
-1.9299259498461832
-2.07499679549881
0.14096964483741423
0.0808548340763499
2.8292917443953436
0.7365560381162888
-0.7866687714855419
1.5788264368787979
-0.7194167394590895
-2.8713808450695932
-3.604968993414664
2.4426679778052818
5.40078320529979
1.5529633885424832
-0.3644703654965315
0.29000022828516336
-1.651075652299071
-2.2073606518057165
-3.074138829018843
-1.5366342146977334
1.5083010459610298
1.406466040949092
-1.1800043235495803
0.13166032577975056
-0.08496569590444261
1.603411088962587
-1.7154208331109764
-0.9484490994526291
-1.6836071222403766
-1.592256778976465
0.6219130673523184
0.5899225870502401
-0.03468601116473994
-1.0400077538561647
1.8470114201653383
1.16155833258898
1.4225843234377697
-0.709794418470588
-1.9613435147316927
0.7465123991677237
-0.4831351298936092
0.2905919215898149
0.5498351877471486
0.7858679161549252
-0.2867674712200786
-0.5162057707952709
1.62731663359395
0.20863326745585262
-0.5179224753852885
-1.807149690418714
-0.36107702479525855
1.0291684225901403
-0.4806933207695486
-0.8298485506198516
2.8716949111906835
-1.658314097134263
-0.15074704930042898
-0.394386095796778
-1.948285385033201
-1.0679765783040598
-0.13434969849144798
-0.32492676154396
1.6741357694791499
1.0778248198837226
1.9401056145928184
-0.01497901054977363
-2.696045025041208
1.030099958797975
2.2354075141832284
2.8698743164205265
2.268108511683238
0.14707426039135732
2.8389689883070903
-1.01525400479757
-2.274167276223344
-1.7339665014000518
0.8375612562115229
1.4273520373868085
0.7178120155208049
0.30182695493436096
0.16776999083456565
0.41723272786768373
-1.5379805026883204
-2.5860818061186865
1.0171115397965127
2.437069155447387
1.4326913986501362
-0.9566313564081673
-0.7923444667822616
-0.0027498267140480506
-0.769141284442294
-0.596806578993966
1.5610980556390381
1.7425912428796757
1.7397993647160273
-0.46261305083172816
2.4935588467001235
4.074636828985909
0.1952212082243288
-0.960948710715795
-4.067790218498452
-3.54231326781626
-0.3907115384521906
-2.584048616564986
1.6481198044332646
-0.543702992223548
0.5944869183748921
0.3055732346988331
-1.5851756206829875
-1.9197426749947066
-0.0402326010715173
-0.7224571634628325
-3.062036417035439
-1.1196609671601965
1.713737168540093
-0.5817670108427231
-2.4284538486265475
-0.1724300021239388
0.3952945623246716
-0.7329740333996798
-4.550348141656831
0.6739323339479373
0.03515852376722985
1.9144615475665065
0.200413852058885
0.5077298902680719
1.206946242125684
-0.042285723051970696
-1.4934444945798018
-2.6338484982693604
-1.7154553705341353
-0.8975631518250835
-0.510525782716327
0.7051029601656101
1.9486192431116227
0.24593977343977083
1.104081835611783
-1.2729278875940992
-3.2091899701764266
-4.213809294090391
1.7205809717972707
1.136375391418793
0.1523621099727231
2.769760606111995
0.7932624566583336
1.761669538161674
-2.8196699761119914
0.8868925284273955
3.763681374422454
0.8343009282318258
0.2650958935280163
2.2315512022789914
1.2498310466099063
0.8894522774355487
-1.656124264417413
1.8735711370363926
0.0202336952036486
-2.137010890397197
-0.07516183130661144
4.87891790425597
0.7825693535870499
-0.011819577118592769
-1.2403251568181308
-0.44698981024514084
0.7385172242900675
0.21613739813082572
-1.2939297973432378
-1.125199383090369
-0.06347354726766975
-1.7441785954552451
1.67428579648242
0.3438496440452922
0.3298630970912386
-1.2791188333107204
0.5423237104648606
0.503259252394644
2.008212084248737
0.7545373123157203
2.9998164252291737
2.856115080090199
1.0005997344816207
-0.23477278261425694
0.9060400267856342
-1.2418136635604795
-0.6334833736124144
-1.4414522184212537
-1.3022688911642513
-0.17003527868299328
1.2902626792005731
-0.23702044395464678
-2.0023926013580975
1.3474052107120889
-1.5766984662932622
1.825556945131063
0.9566665185315416
-0.10990486920723258
2.275043417428414
-0.4914140147787777
0.8420209680932139
0.24927038710649485
-0.7313981456316337
1.1470465238269612
-0.4442275032350649
0.8097969936873805
-0.11576323489349448
0.022606673853264526
0.443759014991258
0.6098743734542255
-1.343721032638482
1.2630913018379768
0.7325778906441353
2.2798946460695295
0.8537594687631889
-0.21783837696145306
1.1039201151935407
1.9496691647714064
-0.2762059702782603
2.060548323695671
-2.417069903401863
0.7444476684157338
0.7102543229365907
1.6110933774609708
-0.34151047283304403
1.0294140901840594
1.1649178871374366
2.6556809276961006
1.4190900909214768
-0.4287616577412925
-1.5920350226707567
-0.7352434895721814
-2.6054634652344024
-1.155787426377504
2.6434440309227036
1.4232348740565353
0.03168071480288378
-1.6186317161750536
0.6751581151818159
-1.5813838527620387
-2.951212639451926
-1.6768616501170346
1.0098102793360824
2.5201490344707644
-2.0869324290401043
-1.3600825997355916
1.6005259633367452
2.8243152655270505
-0.8040803628105583
-3.1635374215704943
0.3611806836431063
1.4567802032836643
-2.0321826290963823
-0.06284977608390967
3.9776951856979395
2.459094286864816
-0.5551226045121129
-0.7293450155607452
-0.3857954081924751
-0.7476526962295758
-0.02107744101763997
1.3861935407639825
2.030729431293527
0.45407083528132114
-1.0604455266635027
0.12558445358239717
-1.709346155202323
-3.2291737885433727
4.362284645762548
0.3710489264501344
-2.4391448027036797
-2.7781375670802833
-2.0572998185303315
2.9590636151076826
1.8005070079863519
-4.143136428142444
0.8604863249130164
1.2584507463994774
2.178195708803506
0.05277050191826377
1.5693175886781534
1.5524226966091828
-0.8026901768076988
-4.212357097651335
1.5363322143871467
1.6635109254252276
-0.6237309918769302
-3.2404632008510577
-4.058180358771545
-2.0663094876220995
-3.0101599501079788
-1.0690578837227747
1.9157460815034821
1.7833881661774587
0.47133059179667064
0.6972320932033423
0.9654084179835246
1.1276246200651139
-1.03246089263529
-0.2863172298629894
-0.2860750283692335
1.1601917899366734
-0.03540176932369587
2.2010540880805833
2.364948267140079
3.0038148414879653
-1.1437993225217977
0.21286545440635918
1.8680324139459556
0.7947191646731271
0.8921551761344131
0.33685528403237147
-2.508009001954137
-0.407509466972583
-0.48352188838084526
2.6124436934305213
-0.34270680708297907
1.0285790543255175
1.5553293020136945
-1.42070076542499
0.7697672571186607
-1.0903865850120769
0.20116727708641305
1.439331439319431
1.017955716421253
-0.006047039468473016
-1.3375471751543555
1.4471209051102278
2.1846070386220524
-1.0165575282539818
0.7873376299185175
-0.5147732610363126
0.27310004500375257
-0.9839477274570906
1.5558222481672326
1.2626430293972994
-1.8018220247056629
-1.3868553933327457
-1.2208979235093962
1.591671175448217
0.1200062487156239
0.3737461160622815
0.5903453734954194
0.7657077941490565
-0.07817322484725292
0.6444113786710155
1.217050047640468
1.2977117063320318
1.1297900632669644
-0.9433765050749059
1.6878763579636415
-0.011580136646366763
0.09309515579750298
0.917079008044627
1.5419667765959135
-0.673273519443176
0.07601421260543248
1.257089553425517
0.9323007344113909
1.4887818111654996
-1.1769648083468518
-2.4349375231947596
1.508581460549062
2.7374400275470574
1.9965127156523401
1.8319620290506318
0.28668885000086414
-0.8635860523123536
-1.4273668245762146
-1.8876242970245871
-0.7095881692525434
-1.9342458838263272
-2.260488277667529
-0.5448367916799326
-1.183576045022588
-0.5875288595047413
0.6822770995012305
1.8323216188269067
-1.364755705865338
1.2177889483545141
-1.6728788442135458
-0.6252402718389548
-3.8490282567939493
-2.995490328916537
3.667988911078331
2.2259138359770456
1.4557659154583535
5.975754934767266
-0.6127727271900839
0.35377868678898877
-3.2382395209608115
-2.4607173269137745
0.936921978812841
2.5004681217641878
1.8030250825645306
1.4408115719272776
2.0813519766004367
0.26596852071329125
-0.6614315548946429
-3.4160817576356877
1.930629692131394
2.551282908882498
2.1014746253820342
0.36194767795620114
-0.03969793557864749
-0.42636462161907085
-1.8305926197564026
0.6773801505519783
3.725752614399914
1.183640263460581
0.06449164971081088
0.2367863770503897
-1.8521944900793412
-0.7528138253347844
-0.4063085428373238
2.7409786765709883
1.049344351131069
0.9679610355355489
-1.161056133223265
1.164571214762233
-0.33352563373279276
0.02998041822713358
1.7915275092123213
-0.9134331654720246
0.10140916466813721
0.34593263415391223
1.628365659981283
4.537515955848241
1.3958678493380174
-1.9714364645141906
-3.281362349407871
-0.2997462904964542
-1.1365103969704184
1.0455130741308765
1.3826714913458826
1.223972956341059
-0.22009215439649019
-0.25422581856506365
-1.2444784413227985
0.22518951490725916
-3.0157535727752416
0.7012590837045753
1.5289412054256932
-0.8069349389275889
0.5045359093950181
0.5238801788017801
-2.1387167249714585
-0.4899259022413281
0.8454019754815038
0.20828522491144605
1.5703968473811827
-0.013574594255973467
2.847182940507391
0.6623514119539556
-2.3701555897733098
-0.5638764775650301
-1.4484526295554878
0.6851856507130905
0.39935457927204754
-3.523553735056852
-1.1744940227274938
-2.1035568232084603
-2.3064344005618564
3.13507179477478
0.0565270405548866
-1.8770108061511357
-3.6074314966921004
-4.247487275904869
-4.21636128390196
-0.3913354152345449
0.6201828750933616
1.5396265215680318
2.842754429807904
3.2286956157251905
0.4408636920692791
-3.004365912435312
-1.2252965371609017
-1.2636332512345532
1.4724675757664694
1.21104503780074
1.9563648025244051
2.3410760411587326
0.398696337204236
0.20382500071291593
1.7160615425596608
1.0633785559156075
0.32236576673212575
1.2048971040373684
0.2095497835819412
-0.23470246546125212
0.47186552518865177
-0.7518986391451061
0.7800324813080504
1.8002636784609027
0.6009850663785973
-0.5233314592815674
-1.1155590400174968
-0.8615411549693333
-0.922847123006185
-1.3858854699303078
-0.6594888822006835
-0.7001795341032396
1.873445312113283
2.4226055470319494
0.30376794089238474
-0.030502718775788147
-2.062251815228816
-1.9366694961126583
-1.2865662850818904
0.6695930472201963
2.603731862719709
4.126506200767927
-1.5970965143293865
0.8037693302021149
-1.668120920713252
-0.7562332977019879
0.6791333805097893
0.8108714613533554
1.1244822492932551
2.9762828739708604
-1.7354751886660733
-1.8375576711224229
-0.1318622258644429
1.2508274574894154
0.4069127569498005
4.376510335048019
2.252676087494122
1.8961287755087899
0.6677385232833293
-1.0695172637070371
3.0266019761092475
-0.2200550147203719
0.4060536617547011
3.0743785009514664
2.004009162514872
-1.1284943463963335
0.017979061402589695
0.8484268397706577
0.3148196028454465
-1.0220154439211038
1.3335420416184929
3.7757256167766693
-0.960216423364378
-1.0465097716816505
-2.6397471990042582
-0.464416174155421
-3.1984085579511174
-4.470083235284969
-0.952634777549002
1.7770508557066016
0.35093657698613134
2.832176780366891
-0.47518509962404026
-1.3858302336738277
-0.8996012424420041
0.7215305726752165
2.6200817368440217
0.30923953956084865
0.9182010949170909
-0.6397452559707325
0.1711001837702559
0.8043588966537097
-0.5971086620539126
-0.5368103898372767
0.7182251453184353
2.7119898815682473
-0.009006900364992021
-1.0904772484472482
-0.5556349572712096
0.5414834648848192
1.5707612011146386
1.0035327086209342
-0.28175083277112467
1.110809954231395
-0.7230904902239572
-0.5228269448609775
0.6714522715194042
0.38881190186580994
0.6327784561773234
-0.5221718283913501
-2.1412698905046947
0.19112936040445774
-0.41443239056069847
1.5158424997838038
0.6320881321517431
-1.6325840134704845
2.1312216998151388
1.230647997119857
-0.6160805629732569
-1.1295061821018337
0.6209503629364826
0.27223432778537465
-0.9212457315802699
0.9718555067427843
3.147433602633486
2.892477405570438
0.9347111450234461
-1.32455467303267
0.8455401878543033
1.8814722702613813
0.6262136908837056
1.1709525227243087
1.2959881703168703
1.3743511125071468
-0.31066312920587447
0.4838561002192917
1.3473869942835048
0.9595458353786865
1.0642670811051376
0.45235356817782085
-1.260957384788966
-4.103411768690952
0.06146127914109646
1.7931801390012574
2.626297542884159
2.3481260511239457
1.529493437549051
1.526220042767416
-0.8889466908819812
-1.6801699407334125
-2.2880365095361808
1.3300897470468829
1.3462282579060898
-1.1488956152000365
0.1352855165490055
0.4573829396287759
0.19591083115259764
0.08241592048738955
0.331966796272778
0.7560757562075893
0.8280770159124873
-0.7064073037979066
0.11338646251177015
-0.37941995716187066
1.6074960494778154
0.3566994095105731
-0.07129448304205144
-0.4080627011245068
-1.54267396558988
0.16806286366354534
0.13570107288503255
-0.21632328751574353
1.491346272416548
-0.16780482378875458
1.2605297628312655
-2.2687183552502233
-0.12149086923223064
0.8402354101483531
0.7469444023822244
1.2761156045689392
-0.1692895608195093
0.9619032676466177
-1.1501660255528978
1.363772818038523
-1.3052004494864247
-0.4405358397809288
-1.290195458325983
-1.9556885113109452
-0.37034779965920145
0.49444099306298533
-0.5358918988098462
-0.07888655251866386
-1.2908486251204467
-0.4161240203662685
0.09773312196275671
-0.48414967280676013
0.3241900108505833
-0.2538357733645068
0.36254298046123634
-2.356748195173954
-0.10576380533025916
-0.2463028688986136
0.5925847306336356
0.880270006047481
-0.12611647523185224
0.7138893761707038
-0.6532965698294971
0.3444220190007555
1.109628090911965
-0.22887679465494792
-0.5398587216791503
1.280795077307184
-0.33479732850880833
