-0.8348689680574822
1.6669846888686282
-0.8329614080017488
-1.405522084571732
-0.7290191627031949
-0.6436353301038122
0.924908045370057
0.0035142139041137903
-3.4106107665562435
0.562458086342101
0.3111046427303706
0.16248498892337407
1.787376145347702
0.3041242490193524
-1.7136038895113204
-2.3086964764572984
-1.7379586712769979
1.5693864027666384
1.7592889544633044
-0.9024103405282939
-0.7082814649206919
-2.971843521603179
-3.7197379696758297
-0.7514625645426224
-1.5619429602427313
4.4479812361128035
-1.2708120527848816
1.4743294890728813
-1.7043821609958243
-1.1601165505018465
-3.691662110897798
-1.85023441294726
2.471741758200973
3.524837575407372
-0.5016285858186881
-1.7684196022803644
-2.2240867843582963
1.305216805893103
2.8014047213789213
-6.332373627721886
-0.05306924304672148
-2.700267861838726
-1.1718491190259792
-1.632445184456143
-0.7360633028749128
-2.5133015118052935
-1.1254923373475636
-0.05679849028427618
2.920312137067069
0.04113752997098747
1.0832303430900847
-3.009302555165521
0.926838477512981
3.3217538783308767
-5.13208773953176
0.1384521158223856
-0.9883590531931312
-0.527805821844639
-3.237736994558448
1.3206193827030375
-6.045775089250591
-0.6108592256111081
-1.0879179891109396
0.684906728104365
-0.9964839252656872
-0.5475345557811488
-0.9294604044458428
0.5655144335500114
-1.167939203269433
-0.9897992539741889
-0.26742709365702083
-0.6846297553787385
1.403866511790774
0.5645104839042457
0.464456842511129
-0.8294984491646621
-1.6644760872630782
-0.2484120882885102
-1.2044351648275997
-0.3680588192003322
0.8541461875587606
-1.5592869889853267
-0.41703716770113886
-0.49109316884885856
-3.208342594826742
5.153266969070758
-1.0324463438256806
-0.8647023904878979
-2.9237547429563655
-0.2477756039196763
2.941268670309041
-1.9068041837873915
-3.4604386472626483
-3.1754751086306663
0.3839850830121044
2.0987481653896722
-2.792330739527815
-1.8141490096561537
-1.0954101336522848
-1.3979745076807855
-3.2183876297322604
4.386940491431454
2.57535384883013
0.5188877123047245
-1.1274013373649265
-4.918955754292017
0.4072968181291747
3.581584425197806
-3.4558315291603736
-1.3106291482097219
-1.1604771681832604
4.0600297685876985
-1.2214047033300177
0.427856805620486
0.7178842203704972
-1.1988208690406996
-6.151718956592032
-5.267636460598677
-1.6060270411139257
0.7327628382850219
0.770368166354314
3.654872259545794
0.08740959952926394
-3.8759253721575964
-1.3161921945837822
-0.6343064567769583
0.5417721160194854
-0.5592856767745409
1.2166556336754293
-3.2677272969705613
-2.915893804863085
1.323734205336047
4.031520720421991
-0.054436130011945104
-2.1425222672684665
-4.000291179967423
0.13103056977154165
0.7017932861928856
-5.070542915919902
-0.9769513377196912
-3.280888395782192
-1.4144788111105573
-1.0844954870154067
-5.654761255827253
0.6821916914724633
2.06983080111489
0.2395422870689303
0.06723128060224913
0.9463313810081266
-0.3123060990337154
1.3709989251277899
-0.11059189986253712
0.24290424636932928
-1.3594965047081409
-0.3948394381133367
-1.3137190098432736
-1.0276485427162785
-0.568451324367751
-1.4193233154532396
-0.18303349457764057
-0.3752997652911286
-0.433623843093243
0.023148741050631153
-2.852801219672105
-0.8643399002662919
-2.008260387645883
-0.5369654486665704
-1.6621968992338274
-0.8297855173181782
0.8328607986636235
-0.9584791720964646
-0.6222148147294153
-0.1527168160358235
-1.1440646475041194
-1.5375001735346245
-0.662261647400933
-1.938954048016538
-0.47686865271938694
0.308664592783775
0.8231079121558925
0.8131915113738933
-1.2110246706353263
-1.0219868724402765
-1.4073976448655487
-1.0316686209816064
0.8219177414644864
-0.03853314286500355
-1.048700832274919
-0.2515783675160512
-0.9438750068633077
-2.372029805864445
-0.5251889829256946
-1.0684315709391443
-2.78919414709362
0.6471968082511055
-1.2374351223947289
-2.024706039101123
-1.5278317660543697
0.6019033986454124
0.26142453237229507
1.2328519021415587
0.49567525647801847
0.8582441498303871
1.2098894227990982
-1.3885600060783083
1.823217783784492
-1.2990580655095054
-0.748790955557142
0.09577257111264904
-2.6190616552833803
2.5033699552215167
-1.0267619959031404
1.3357054202585197
4.012306505110047
2.724573601039289
-0.9011437765247542
1.1044741352311858
-1.0424216882743307
-2.6204355812693905
-0.7362592562662478
-9.40920846977417
-2.294312088315077
1.5296611014531736
-0.5908426330020075
0.4453199258081307
-1.073515204362061
-0.7428955296811427
-0.6331815356539667
2.4586110852488448
-0.10167283974286921
-1.976483326414996
0.39528978153529754
-0.14606357437599185
-0.049382934145495445
0.9583119589911845
0.23410704729046858
-2.5092562983488875
-1.7639389623711308
-1.1123824118245194
-0.3582935406427113
-0.18281703183193607
-1.3692876684752189
0.7111691135012562
-0.40953461491740656
-1.671561774677389
-1.2716356370012751
0.592030319189595
-0.45124158802464087
-1.1737148764962946
-1.469395905905394
-0.8663675518625894
-0.44782974625431005
-3.1168659900347766
3.5140035076304956
0.19204415707186767
-2.277309995474151
-0.6201500853462263
-3.4184727491437283
-3.4570372808139105
0.5007963446368525
-0.6601526308375659
2.4437328129389657
-0.5401296258940654
1.6404843623450067
5.23141283803167
0.477867059913582
-3.520624626458659
-0.5833910043687203
-3.698794924376454
-4.340184133553493
-2.852409182543073
0.186432641765535
-0.8165858565063375
2.7010587046837613
-2.53943033561998
-0.40704202268126094
-0.7922955107145815
-1.4074647278944394
-2.126513563996086
-4.570304935145247
-2.5941136987615407
-1.3419642391022173
1.596583386656366
0.043748552581805454
0.9386419292590754
3.7728602729703837
-0.5179828707222377
-0.32612021179091344
-1.1015939565792896
-3.657930967769281
4.9578896213408035
1.2203696485292328
-1.0572921455667232
-2.4561285426387767
-4.442424238414846
-6.376982480316814
-1.567042448212256
-3.3921617609897488
-0.6146653274560114
0.2679462678741802
1.5862347657798515
-0.23015604793793323
-1.6858281406411353
2.0026508351706016
0.35981207946222893
0.08214700733121137
-4.9061617008602925
-2.255800545082538
-2.4312301438039983
-0.20761228085488942
-4.997448942057444
5.963124208661721
4.364804061302555
-0.07684343863898829
-0.0268775200198005
2.2963771813695377
1.210891701075941
0.9795691234553894
1.331920628445958
-1.9343834774675654
-3.99959891523042
-5.351063502973413
-1.2636274389268822
-2.5614228621289454
-5.494589676506694
-0.7996388359462986
2.3782379624216556
-2.547228401270537
-1.232311082048045
2.1733894133210208
-0.3202301993553197
-0.31434385998809683
-2.468430400864968
5.204887380998035
-0.6822633649148508
-1.659346008856023
3.6043188997259805
0.21132360549612908
-0.262618984011653
-0.004067715153280093
-1.4888675388393762
3.402737521296715
-0.6146403992822518
-2.488680727171582
-1.3214001824812753
7.4345209716560605
-1.375309787301922
0.6787863702879741
-6.405301097431555
-1.6222342873025422
-1.654413523371026
-0.35456630508609777
-4.5473499735660825
-6.0245025396930485
2.3909753663456126
-0.24223612417949775
-1.3864611769420347
3.2674653372119904
-0.48831544118306475
1.4554906400217573
3.4128123567440314
-0.8772807158444974
-1.6746862553227646
-6.105555709618231
-0.5769450071243042
-2.278547930913424
-3.1672046921331054
0.4308529443404064
-3.742242923286422
-3.359581685605024
0.6375961755884842
1.6752174661305468
-1.657706465136094
-2.1681036386185797
2.9883027298671494
-5.407395806848479
1.1378960976105426
-2.3952751375125225
0.4005055881616554
-2.1910392297477452
-1.882893871771375
-0.8046919087995157
1.2478444706351892
-1.1341066884696491
0.3863830740721901
0.4581259221194041
-1.908918466447849
0.2601687182585753
-0.6998992842060712
-1.4260869497863795
-0.787665574712658
1.0040548113620529
0.7809147665485443
-0.6808381265748772
-1.0195849163955897
-2.3387824981316547
-0.3231751321175789
-0.49679581828404307
-0.5471253935027147
1.5720421280576133
0.20217375101231508
0.9525329970611757
-2.3863104390893084
0.15497369608432213
-0.9735117524496969
0.0236197787691763
-1.2058055816920108
-1.7266821777543224
0.30622215282073584
-1.5890679304242743
-1.369313914840585
0.5714625787409962
-0.8219435511959182
0.03970534048307186
-0.09526896267714759
-1.6328396149598536
-1.2904579591261118
-1.1230622447988388
-0.755798852427775
-0.5409920898285825
1.4217491282101773
-5.305785929078694
0.024056261921368893
-4.13881851512522
-2.805700198426381
-0.5485753008254411
3.0554030161051156
0.8653946202530537
-1.9870548051291024
-3.226485849613967
1.0135263642849817
3.3371016121571055
5.502727192321097
-1.3465777404328207
-0.38817763416266476
-0.9848264002565061
-4.327114156258383
-4.680725976411542
1.5468555601078047
-0.3497074550266114
-1.8732158712789175
1.1739596511991932
-1.2550906135324953
0.8709724950543591
0.9620855367770872
-5.333473184786296
-1.3365193737698733
-0.9583831044162657
-2.202418281025987
-1.7759829413359318
-3.034519719326814
0.2583240716378138
-5.606939001650611
2.7922080600131345
-0.1793419573573431
-1.4845512424015068
-0.8332743013192409
1.7006137849049625
-2.973087607327236
1.677030120741645
4.147168037369668
-2.5660504515244265
-5.453860748098788
-3.0141555002464067
-0.7246337020445675
4.905650917920008
1.9942109125042509
-0.6300051102064256
0.8866322694310739
-2.3235573563041956
-2.9043346659128733
-3.8449319512604414
1.5453828567238737
2.544680439550602
-2.1789856610285154
-3.733973808847976
-0.9386060149906956
-0.8356882965974085
3.401076511988198
-6.204776450798251
1.18076323748469
-0.5949975869733353
-2.2102386121085122
1.1006449060355423
1.4835318606823982
-4.721744946432291
-2.706543583598595
8.076660645587603
1.2496628481554186
-2.553917125796088
-3.086779527680788
-2.561584611942498
2.313075876567599
1.6870734888243555
-1.651873350763273
0.35168026591879986
-1.8970413960367978
0.8630323588646732
-1.7698217473786517
2.7380500912002104
-3.369785196392422
3.4691991695905102
-1.1903488982747261
-1.4025926529608073
2.3436327086286726
1.8705683418325254
-5.153131147746894
-3.0548384243058337
-4.423577294274838
-1.5576753890529584
2.620399264619152
1.3738443279758095
-1.9697402804239394
-2.989920370024598
0.3487461148839277
-2.4722605317609263
3.3802045127921345
-0.6314430521995665
1.9320179367776995
-0.19232480728085782
1.405593860544753
-0.006961692809485742
-1.3882448202623474
-4.5045723097754315
-0.5564217683921849
4.881758856803554
1.9906956267906064
-0.08128125441554715
-1.4537006334647333
-3.211122267497277
-4.853133890929863
-0.20558454121160058
-2.7923821113922775
-3.7162571210903343
5.205107652819377
0.10574188208618265
-0.767557671867993
-2.8348588156964287
-2.9222530738097743
-4.648823379625921
-2.470589473009902
6.753755255982488
3.497830457307661
0.6993878575355214
0.7797040391509744
-3.4679700629641728
